    1.0000    1.0000    1.0000
    2.0000    1.0000    0.9428
    3.0000    1.0000    0.9137
    4.0000    1.0000    0.9677
    5.0000    1.0000    0.9892
    6.0000    1.0000    0.9252
    7.0000    1.0000    0.8948
    8.0000    1.0000    0.9557
    9.0000    1.0000    0.5662
   10.0000    1.0000    0.5437
   11.0000    1.0000    0.5319
   12.0000    1.0000    0.1264

    1.0000    2.0000    0.9428
    2.0000    2.0000    1.0000
    3.0000    2.0000    0.9414
    4.0000    2.0000    0.9410
    5.0000    2.0000    0.9395
    6.0000    2.0000    0.9815
    7.0000    2.0000    0.9262
    8.0000    2.0000    0.9357
    9.0000    2.0000    0.4745
   10.0000    2.0000    0.4768
   11.0000    2.0000    0.4610
   12.0000    2.0000    0.1122

    1.0000    3.0000    0.9137
    2.0000    3.0000    0.9414
    3.0000    3.0000    1.0000
    4.0000    3.0000    0.9282
    5.0000    3.0000    0.9081
    6.0000    3.0000    0.9247
    7.0000    3.0000    0.9721
    8.0000    3.0000    0.9199
    9.0000    3.0000    0.5190
   10.0000    3.0000    0.5177
   11.0000    3.0000    0.4971
   12.0000    3.0000    0.1276

    1.0000    4.0000    0.9677
    2.0000    4.0000    0.9410
    3.0000    4.0000    0.9282
    4.0000    4.0000    1.0000
    5.0000    4.0000    0.9616
    6.0000    4.0000    0.9279
    7.0000    4.0000    0.9127
    8.0000    4.0000    0.9889
    9.0000    4.0000    0.5959
   10.0000    4.0000    0.5233
   11.0000    4.0000    0.4850
   12.0000    4.0000    0.0494

    1.0000    5.0000    0.9892
    2.0000    5.0000    0.9395
    3.0000    5.0000    0.9081
    4.0000    5.0000    0.9616
    5.0000    5.0000    1.0000
    6.0000    5.0000    0.9457
    7.0000    5.0000    0.9134
    8.0000    5.0000    0.9698
    9.0000    5.0000    0.5404
   10.0000    5.0000    0.5184
   11.0000    5.0000    0.5007
   12.0000    5.0000    0.1039

    1.0000    6.0000    0.9252
    2.0000    6.0000    0.9815
    3.0000    6.0000    0.9247
    4.0000    6.0000    0.9279
    5.0000    6.0000    0.9457
    6.0000    6.0000    1.0000
    7.0000    6.0000    0.9466
    8.0000    6.0000    0.9493
    9.0000    6.0000    0.4545
   10.0000    6.0000    0.4540
   11.0000    6.0000    0.4312
   12.0000    6.0000    0.0887

    1.0000    7.0000    0.8948
    2.0000    7.0000    0.9262
    3.0000    7.0000    0.9721
    4.0000    7.0000    0.9127
    5.0000    7.0000    0.9134
    6.0000    7.0000    0.9466
    7.0000    7.0000    1.0000
    8.0000    7.0000    0.9351
    9.0000    7.0000    0.5068
   10.0000    7.0000    0.5010
   11.0000    7.0000    0.4759
   12.0000    7.0000    0.1147

    1.0000    8.0000    0.9557
    2.0000    8.0000    0.9357
    3.0000    8.0000    0.9199
    4.0000    8.0000    0.9889
    5.0000    8.0000    0.9698
    6.0000    8.0000    0.9493
    7.0000    8.0000    0.9351
    8.0000    8.0000    1.0000
    9.0000    8.0000    0.5721
   10.0000    8.0000    0.5041
   11.0000    8.0000    0.4620
   12.0000    8.0000    0.0380

    1.0000    9.0000    0.5662
    2.0000    9.0000    0.4745
    3.0000    9.0000    0.5190
    4.0000    9.0000    0.5959
    5.0000    9.0000    0.5404
    6.0000    9.0000    0.4545
    7.0000    9.0000    0.5068
    8.0000    9.0000    0.5721
    9.0000    9.0000    1.0000
   10.0000    9.0000    0.8881
   11.0000    9.0000    0.8568
   12.0000    9.0000    0.3429

    1.0000   10.0000    0.5437
    2.0000   10.0000    0.4768
    3.0000   10.0000    0.5177
    4.0000   10.0000    0.5233
    5.0000   10.0000    0.5184
    6.0000   10.0000    0.4540
    7.0000   10.0000    0.5010
    8.0000   10.0000    0.5041
    9.0000   10.0000    0.8881
   10.0000   10.0000    1.0000
   11.0000   10.0000    0.9203
   12.0000   10.0000    0.4425

    1.0000   11.0000    0.5319
    2.0000   11.0000    0.4610
    3.0000   11.0000    0.4971
    4.0000   11.0000    0.4850
    5.0000   11.0000    0.5007
    6.0000   11.0000    0.4312
    7.0000   11.0000    0.4759
    8.0000   11.0000    0.4620
    9.0000   11.0000    0.8568
   10.0000   11.0000    0.9203
   11.0000   11.0000    1.0000
   12.0000   11.0000    0.5261

    1.0000   12.0000    0.1264
    2.0000   12.0000    0.1122
    3.0000   12.0000    0.1276
    4.0000   12.0000    0.0494
    5.0000   12.0000    0.1039
    6.0000   12.0000    0.0887
    7.0000   12.0000    0.1147
    8.0000   12.0000    0.0380
    9.0000   12.0000    0.3429
   10.0000   12.0000    0.4425
   11.0000   12.0000    0.5261
   12.0000   12.0000    1.0000